395274800547275
134080283313500
331788763571422
156304484388194
558754197477014
293150187371037
130391693652056
142603625775614
154654377881669
47694585682
205311826175998
150480805043795
329900923869212
145515688966492
196114277078358
152934608113175
207429192606075
112326918787579
329900923869212
159841780842315
2314697952137400
130273271119
585678844775646
173796242642081
25406037041
189184071108491
1925065844440080
1179148932288130
130391693652056
558754197477014
111080175616050
256998207759081
222005461272345
217523541326
22865297210
188188564583
109903507414389
205311826175998
140300602673724
116516342039001
513381125365479
142004422534101
187394117987834
100752078468444
202215676478081
194593423966954
76866574484
273693286086433
338480852961658
109460782417586
351947321504088
51468018860
100935615110463
320113161194855
150480805043795
30774145303
20672124724
282800387209
104467191275254
195564670530818
108185017409
195564670530818
459077044164282
162707793881819
178032906642
88331883353
189449641081486
154654377881669
330165526782
105244217494187
499359010093513
167231359972727
192845187848390
1389842358009230
167231359972727
115707626621
214065808453
334120300419
189006054445407
358718334000015
312639988865192
86337829141
66426617453
102026331696494
177407194382621
142603625775614
50169278122
242877865923318
386287537891336
188344874511758
363842953730453
171337982904329
106637900016
194789640569324
244663365404847
101851171870892
331788763571422
107652469330889
166174613410024
165381593630826
151013658351935
910790398984963
275335619167195
1608463192727450
164131966966839
105330431358412
134080283313500
87921510981
166760213476486
129459503748982
445962318752667
217013861665887
488816678526827
167785411957
179057176050
570893299597210
108655285842827
77094470902
253878324478237
241400009229424
219603204762238
395274800547275
305250279569563
345598788891061
258191139993
350558562311
2124429831016390
276040002549416
293150187371037
139470429458087
690975797779447
115602575294020
168325299887228
210778952288250
118849647749